1, 48 76 72 45 77 75 2 6 25 27 31 67 8 62 65 15 63 36 42 46 7 57 29 73 4 52 54 69 18 74 5 78 38 17 11 10 79 68 59 12 47 55 16 43 30 71 51 24 70 19 28 1 39 32 64 44 41 20 21 3 9 22 37 50 61 56 60 33 14 26 53 35 34 58 66 49 23 13 
2, 48 75 72 45 76 77 1 6 24 27 33 67 7 64 66 15 62 36 42 46 12 57 29 74 2 52 54 69 18 73 5 78 39 17 13 9 79 68 59 10 47 55 16 43 30 71 51 25 70 19 28 3 38 31 65 44 41 20 21 4 8 22 37 50 61 56 60 32 14 26 53 35 34 58 63 49 23 11 
3, 44 75 71 46 76 74 1 6 25 27 31 65 9 62 70 18 64 37 30 47 7 57 29 73 4 51 54 67 19 77 5 78 39 17 13 10 79 68 59 12 49 53 16 43 34 72 55 24 69 22 28 2 40 32 66 45 42 20 21 3 8 23 38 50 61 56 60 35 15 26 52 33 36 58 63 48 14 11 
4, 43 74 71 46 75 76 1 6 24 26 31 67 11 59 64 17 63 37 39 47 9 57 30 72 4 52 54 69 19 77 5 78 38 16 8 12 79 68 62 13 50 55 15 45 27 73 49 29 70 18 28 2 40 35 65 42 41 20 21 3 7 22 33 51 61 56 60 34 10 25 53 32 36 58 66 48 23 14 
5, 48 73 71 45 75 77 1 6 23 29 36 67 8 61 66 17 63 35 40 46 7 57 30 74 4 50 53 70 19 76 5 78 38 18 10 11 79 68 58 12 54 55 16 42 28 72 49 25 69 13 27 3 39 34 64 44 43 20 21 2 9 22 37 52 62 56 60 31 15 26 51 33 32 59 65 47 24 14 
6, 48 77 72 45 76 75 1 8 24 27 31 66 6 62 67 16 63 36 42 46 7 57 29 73 2 52 54 69 18 74 3 78 41 17 11 10 79 68 59 13 47 55 15 43 30 71 51 25 70 19 28 4 38 32 65 44 40 20 21 5 9 22 37 50 61 56 60 33 14 26 53 35 34 58 64 49 23 12 
7, 48 77 72 45 75 76 1 6 24 27 31 66 8 63 65 15 64 36 42 46 7 57 29 74 4 52 55 69 16 73 5 78 39 18 11 10 79 68 59 12 47 54 17 43 30 71 51 25 70 19 28 2 38 32 67 44 41 20 21 3 9 22 37 50 61 56 60 33 14 26 53 35 34 58 62 49 23 13 
8, 48 76 72 46 74 75 1 6 24 27 31 66 7 69 65 17 64 37 42 45 9 57 29 77 4 52 54 68 18 73 5 78 39 16 8 11 79 67 59 12 47 55 15 44 30 71 51 25 70 19 28 2 38 32 63 43 41 20 21 3 10 22 36 50 61 56 60 33 14 26 53 34 35 58 62 49 23 13 
9, 48 76 72 45 77 75 3 6 24 27 31 67 8 63 66 17 64 36 42 46 7 57 29 73 4 52 54 69 18 74 5 79 39 16 11 10 78 68 59 12 47 55 15 43 30 71 51 25 70 19 28 1 38 32 65 44 41 20 21 2 9 22 37 50 61 56 60 33 14 26 53 35 34 58 62 49 23 13 
10, 48 77 72 46 75 76 1 5 24 27 31 67 8 62 66 16 64 37 42 45 7 57 29 73 2 52 54 69 18 74 6 78 39 17 11 10 79 68 59 13 47 55 15 43 30 71 51 25 70 19 28 3 38 32 63 44 41 21 20 4 9 22 34 50 61 56 60 33 14 26 53 36 35 58 65 49 23 12 
11, 48 75 72 46 76 77 1 10 23 26 31 64 7 67 63 16 62 36 43 45 4 56 29 74 5 52 54 65 18 73 6 78 39 17 11 9 79 69 58 12 47 55 15 42 30 71 51 25 70 19 27 2 38 32 68 44 41 21 20 3 8 22 37 50 61 57 60 33 14 28 53 35 34 59 66 49 24 13 
12, 47 75 71 45 74 72 3 6 24 26 31 66 8 62 65 15 67 36 42 46 7 57 29 76 4 52 54 68 17 77 5 78 39 18 12 10 79 69 59 13 48 55 16 43 30 73 51 25 70 19 28 1 38 32 64 44 41 20 21 2 9 22 37 50 61 56 60 33 14 27 53 35 34 58 63 49 23 11 
13, 48 76 73 46 77 75 1 6 24 28 32 67 8 64 65 16 62 35 42 47 7 57 31 71 4 51 55 69 18 74 5 78 39 17 10 11 79 68 60 13 49 54 15 43 27 72 50 25 70 19 26 2 37 29 66 45 41 20 21 3 9 22 38 52 61 56 59 33 14 30 53 34 36 58 63 44 23 12 
14, 50 78 70 48 75 76 1 6 23 28 32 66 9 65 63 17 64 36 42 44 8 57 26 73 5 52 54 69 18 74 4 79 39 16 12 11 77 68 59 7 49 55 15 47 31 72 46 25 71 19 30 2 38 29 67 43 41 21 20 3 10 22 37 51 61 56 60 34 14 27 53 35 33 58 62 45 24 13 
15, 48 76 72 45 75 77 3 6 24 27 31 66 8 63 67 17 64 36 42 46 7 57 29 73 4 52 54 69 18 74 5 78 39 16 11 10 79 68 59 12 47 55 15 43 30 71 51 25 70 19 28 1 38 32 65 44 41 20 21 2 9 22 37 50 61 56 60 33 14 26 53 35 34 58 62 49 23 13 
16, 48 76 72 45 75 77 3 6 24 27 31 68 8 64 66 17 63 36 42 46 7 57 29 73 4 52 54 69 18 74 5 78 39 16 11 10 79 67 59 12 47 55 15 43 30 71 51 25 70 19 28 1 38 32 65 44 41 20 21 2 9 22 37 50 61 56 60 33 14 26 53 34 35 58 62 49 23 13 
17, 50 76 72 45 77 75 1 7 24 26 31 67 9 62 66 17 63 36 42 46 10 57 29 73 2 52 54 69 18 74 5 78 39 16 11 6 79 68 59 12 49 55 15 43 30 71 48 25 70 19 27 3 38 32 65 44 41 20 21 4 8 22 37 51 61 56 60 33 14 28 53 35 34 58 64 47 23 13 
18, 48 75 72 45 76 77 3 6 24 26 31 67 8 64 66 17 62 36 42 46 7 56 29 73 4 52 54 69 18 74 5 78 39 16 11 10 79 68 59 12 47 55 15 43 30 71 51 25 70 19 27 1 38 32 65 44 41 20 21 2 9 22 37 50 61 57 60 34 14 28 53 33 35 58 63 49 23 13 
19, 47 77 72 45 76 75 1 6 24 27 31 67 7 65 66 16 62 36 43 46 10 57 29 73 4 52 54 69 18 74 5 78 39 17 11 9 79 68 59 12 49 55 15 44 30 71 51 25 70 19 28 2 38 32 64 42 41 20 21 3 8 22 37 50 61 56 60 33 14 26 53 35 34 58 63 48 23 13 
20, 47 76 72 45 77 75 2 6 24 26 31 65 8 63 67 17 64 36 42 46 7 57 29 74 4 52 54 69 18 73 5 78 39 16 11 10 79 68 59 12 48 55 15 43 30 71 51 25 70 20 27 1 38 32 66 44 41 19 21 3 9 22 37 50 61 56 60 33 14 28 53 34 35 58 62 49 23 13 
21, 49 76 72 46 75 74 1 6 24 27 31 67 8 64 66 17 62 36 41 47 7 57 29 73 2 52 54 69 18 77 3 78 39 16 12 10 79 68 59 11 48 55 15 42 30 71 50 25 70 19 28 4 38 34 65 45 44 20 21 5 9 22 37 51 61 56 60 33 14 26 53 35 32 58 63 43 23 13 
22, 46 76 72 47 77 75 1 6 24 27 31 68 8 67 62 17 64 36 41 45 7 57 28 74 5 53 55 69 18 73 4 78 39 15 10 11 79 66 59 12 48 54 16 42 29 71 52 25 70 19 26 2 38 32 65 44 43 20 21 3 9 22 37 50 61 56 60 33 14 30 51 35 34 58 63 49 23 13 
23, 49 75 71 45 76 77 1 7 25 22 32 69 10 60 68 17 64 35 41 47 9 56 37 72 6 59 57 67 18 74 5 78 38 14 11 13 79 65 58 12 48 52 16 42 31 73 50 28 70 19 26 2 39 33 66 43 44 23 21 3 8 20 34 53 62 54 61 24 15 27 51 40 30 55 63 46 29 4 
24, 48 76 72 45 77 74 3 6 24 26 33 67 8 62 66 17 63 36 42 46 7 57 29 75 4 52 54 69 18 73 5 78 39 16 11 9 79 68 59 12 47 55 15 43 30 71 51 25 70 20 27 1 38 31 65 44 41 19 21 2 10 22 37 50 61 56 60 32 14 28 53 35 34 58 64 49 23 13 
25, 48 76 73 46 77 75 1 8 24 26 33 68 5 62 65 16 63 35 42 45 7 57 29 72 2 51 54 69 18 74 6 78 39 15 11 9 79 67 59 12 47 55 17 43 30 71 50 25 70 19 27 4 38 31 66 44 41 20 21 3 10 22 37 52 61 56 60 32 14 28 53 34 36 58 64 49 23 13 
